29612
29735
30272
30493
30853
31548
31768
31846
31864
31885
31909
31910
31911
31912
31913
31914
31915
31916
31917
31918
31919
31920
31921
31922
31923
31924
31926
31927
31928
31929
31930
31931
31932
31933
31935
31936
31937
31938
31939
31940
31941
31942
31943
31944
31945
31946
31948
31949
31950
31951
32059
32061
32062
32063
32067
32068
32069
32070
32071
32074
32079
32080
32081
32083
32088
32089
32090
32091
32092
32093
32364
32373
32771
33757
34743
34851
34852
34853
34854
34855
34856
34857
34858
34859
34860
34861
34862
34863
34864
34865
34866
34867
34868
34869
34870
34871
34872
34873
34874
34875
34876
34877
34878
34879
34880
34881
34882
34883
34884
34885
34886
34887
34888
34889
34890
34891
34892
35131
35132
35150
35151
35246
35252
35259
35260
35262
35267
35276
35333
35664
35795
36600
36753
37743
37746
37747
37748
37749
37750
37751
37752
37753
37754
37755
37756
37757
37758
37759
37760
37761
37762
37763
37764
37765
37766
37767
37768
37769
37770
37771
37772
37773
37774
37775
37776
37777
37778
37779
37780
37781
37782
37783
37784
37785
37786
37787
37788
37994
37995
38013
38014
38130
38139
38141
38143
38152
38153
38155
38350
38526
38672
39274
39552
39632
40620
40621
40622
40623
40624
40625
40626
40627
40628
40629
40630
40631
40632
40633
40634
40635
40636
40637
40638
40639
40640
40641
40642
40643
40644
40645
40646
40647
40648
40649
40650
40651
40652
40653
40654
40655
40656
40657
40658
40659
40660
40661
40662
40663
40664
40665
40666
41848
41849
42026
42311
42320
42475
42505
43343
43581
43583
43584
43585
43586
43587
43588
43589
43590
43591
43592
43593
43594
43595
43596
43597
43599
43600
43601
43602
43603
43604
43605
43606
43607
43608
43609
43610
43611
43612
43613
43614
43615
43616
43617
43618
43619
43620
